%YAML:1.0
---
model_type: KANNALA_BRANDT
camera_name: camera
image_width: 848
image_height: 800
projection_parameters:
  k2: -0.00563437398523092
  k3: 0.0395522192120552
  k4: -0.037844181060791
  k5: 0.00639240304008126
  mu: 286.256500244141
  mv: 286.160186767578
  u0: 415.097991943359
  v0: 388.515808105469
