%YAML:1.0
---
model_type: KANNALA_BRANDT
camera_name: camera
image_width: 848
image_height: 800
projection_parameters:
  k2: -0.00616398314014077
  k3: 0.0403241813182831
  k4: -0.0376613698899746
  k5: 0.00625839596614242
  mu: 286.552886962891
  mv: 286.282287597656
  u0: 414.088409423828
  v0: 395.863006591797
